0,92
0,22
0,66
0,44
0,78
0,38
1,8
0,52
1,8
0,46
0,84
0,6
0,66
0,66
7,74
0,66
0,66
0,66
0,66
2,4
2,9
1,74
3,84
3,4
2
1,6
3,84
2,9
1,74
2,9
2,32
0,96
3,4
1,5
4,06
3,4
1,74
1,74
2,9
0,2
0
0
0
0
0
0
0
0
0
0
0
0
0
0
0
0
0
0
0
0
0
0
0
0
0
0
0
0
0
0
0
0
0
0
0
0
1
1
1
1
1
1
1
1
1
1
1
1
1
1,08
1,38
1
1
1
1
1
1
1
1
1
1
0,9
0,66
0,66
0,66
1,16
0,66
0,62
0,66
1,74
0,66
0,66
1,92
0,8
0,9
0,66
0,8
0,66
2
0,66
2,28
0,38
0,66
0,66
0,66
0,66
0,66
0,26
0,9
0,9
0,9
1,08
0,9
0,9
2,2
4
2,32
0,9
0,9
0,9
0,9
1,74
2,32
2,2
0,9
2,2
0
0
0
0
0
0
0
0
0
0
0
0
0
0
0
0
0
0
0
0
0
0
0
0
0
0
0
0
0,32
0,32
0,32
0,32
0,32
0,32
0,32
0,32
0,32
0,68
0,32
0,4
0,32
0,32
0,32
0,32
0,32
0,32
0,32
0,32
0,32
0
0,32
0,32
1,08
0,32
0,32
0,4
0
0,32
0,66
0,36
0,28
0,64
0,46
0,64
0,54
4,06
0,32
0,32
0,66
0,64
0,24
0,46
0,66
0,66
0,36
0,32
0,66
0,66
0,36
0,54
0,32
0,76
0,76
1,44
0,76
0,76
3,6
0,76
1,44
1,44
1,44
0,76
0,76
0,76
1,44
1,44
1,44
1,44
1,84
0,76
0,76
0,76
1,44
0,76
1,84
0,76
0,76
0,76
0,76
0,76
0,76
2,9
0,76
0,76
0,84
0,76
0,76
0,96
0,76
0,76
0,84
0,76
0,76
0,92
0,78
0,76
0,46
0,76
0,76
0,76
0,76
1,44
0,24
0,1
1,14
1,14
0,1
1,14
1,14
0,24
1,14
1,14
0,1
0,3
1,14
0,1
1,14
0,3
2,8
0,48
0,2
0,14
1,2
1,14
0,3
1,14
0,36
1,14
1,2
1,14
0,1
0,84
0,84
0,84
0,84
0,84
0,84
0,84
0,84
0,84
0,84
2,1
2,1
0,84
0,84
0,84
0,84
0,84
0,84
0,84
0,36
0,84
0,84
0,84
0,84
0,84
0,84
0,84
1,08
1,14
1,14
1,08
1,14
1,14
1,08
1,14
0,16
1,08
1,14
0,36
0,6
0,76
1,14
1,14
0,16
1,08
1,14
1,14
0,36
0,72
1,62
1,02
1,5
0,48
1,08
0,6
1,08
0,8
0,68
1,2
0,24
1,7
1,02
1,2
0,44
1,36
1,44
0,28
1,08
0,6
1,36
2
1,02
0,56
0,96
0,32
2,5
1,8
0,48
1,8
0,84
82
26
8
8
66
8
8
8
32
48
8
8
92
32
8
66
76
76
72
76
76
76
4
6
4
6
6

8
6
6
6
4
6

6
6
6

6
4
6
2
2
2

2
6
4

6
6
6
2
6
2
6
4
6
8
6
2
8
6
2
8
2
6
6
6
8
6
8
6
2

8

6
4
4
8
8
8
8
8


6
4
2
2
2
8
4
4
4
4
4
4
4

4
6
4
6
4
6
4
6
4
4
